image: house1.pgm
resolution: 0.010000
origin: [-2.357642, -2.571893, 0.000000]
negate: 0
occupied_thresh: 0.65
free_thresh: 0.196

